%biodeqns variables

% B1: actinobacteria
% B2: alphaproteobacteria
% B3: bacili
% B4: betaproteobacteria
% B5: chlamydiia
% B6: clostridia
% B7: cyanobacteria
% B8: flavobacteria
% B9: gammaproteo
% B10: methanobacteria
% B11: mollicutes
% B12: planctomycetia
% B13: spirochaetia
% B14: thaumarchaeota
% B15: thermoprotei

%network
global b12 b13 b14 b15 b16 b17 b18 b19 b110 b111 b112 b113 b114 b115 b116 b117
global b23 b24 b25 b26 b27 b28 b29 b210 b211 b212 b213 b214 b215 b216 b217
global b34 b35 b36 b37 b38 b39 b310 b311 b312 b313 b314 b315 b316 b317
global b45 b46 b47 b48 b49 b410 b411 b412 b413 b414 b415 b416 b417
global b56 b57 b58 b59 b510 b511 b512 b513 b514 b515 b516 b517
global b67 b68 b69 b610 b611 b612 b613 b614 b615 b616 b617
global b78 b79 b710 b711 b712 b713 b714 b715 b716 b717
global b89 b810 b811 b812 b813 b814 b815 b816 b817
global b910 b911 b912 b913 b914 b915 b916 b917
global b1011 b1012 b1013 b1014 b1015 b1016 b1017
global b1112 b1113 b1114 b1115 b1116 b1117
global b1213 b1214 b1215 b1216 b1217
global b1314 b1315 b1316 b1317
global b1415 b1416 b1417
global b1516 b1517 b1617


%inner
b12 = 0.257;
b13 = 0.657;
b14 = 0.6;
b15 = 0.371;
b16 = 0.6;
b17 = 0.942;
b18 = 0.771;
b19 = 0.828;
b110 = 0.028;
b111 = 0.828;
b112 = 0.257;
b113 = 0.028;
b114 = 0.314;
b115 = 0.085;
b116 = 0.2571428571;
b117 = 0.4285714286;
b23 = 0.142;
b24 = 0.371;
b25 = 0.942;
b26 = 0.657;
b27  = 0.086;
b28 = 0.143;
b29 = 0.257;
b210 = 0.314;
b211 = 0.257;
b212 = 0.543;
b213 = 0.771;
b214 = 0.314;
b215 = 0.143;
b216 = 0.02857142857;
b217 = 0.02857142857;
b34 = 0.943;
b35 = 0.028;
b36 = 0.143;
b37 = 0.6;
b38 = 0.886;
b39 = 0.714;
b310 = 0.657;
b311 = 0.714;
b312 = 0.086;
b313 = 0.142;
b314 = 0.257;
b315 = 0.029;
b316 = 0.1428571429;
b317 = 0.02857142857;
b45 = 0.257;
b46 = 0.028;
b47 = 0.542;
b48 = 0.828;
b49 = 0.771;
b410 = 0.6;
b411 = 0.771;
b412 = 0.028;
b413 = 0.257;
b414 = 0.485;
b415 = 0.2;
b416 = 0.3142857143;
b417 = 0.1428571429;
b56 = 0.771;
b57 = 0.257;
b58 = 0.257;
b59 = 0.142;
b510 = 0.142;
b511 = 0.142;
b512 = 0.428;
b513 = 0.657;
b514 = 0.485;
b515 = 0.428;
b516 = 0.2571428571;
b517 = 0.08571428571;
b67 = 0.485;
b68 = 0.485;
b69 = 0.085;
b610 = 0.028;
b611 = 0.085;
b612 = 0.085;
b613 = 0.6;
b614 = 0.428;
b615 = 0.485;
b616 = 0.3714285714;
b617 = 0.4857142857;
b78 = 0.6;
b79 = 0.885;
b710 = 0.085;
b711 = 0.885;
b712 = 0.2;
b713 = 0.257;
b714 = 0.257;
b715 = 0.257;
b716 = 0.1428571429;
b717 = 0.3142857143;
b89 = 0.6;
b810 = 0.542;
b811 = 0.6;
b812 = 0.028;
b813 = 0.257;
b814 = 0.2;
b815 = 0.028;
b816 = 0.1428571429;
b817 = 0.3142857143;
b910 = 0.028;
b911 = 1;
b912 = 0.2;
b913 = 0.487;
b914 = 0.6;
b915 = 0.085;
b916 = 0.4285714286;
b917 = 0.2571428571;
b1011 = 0.028;
b1012 = 0.428;
b1013 = 0.028;
b1014 = 0.257;
b1015 = 0.2;
b1016 = 0.3714285714;
b1017 = 0.2;
b1112 = 0.2;
b1113 = 0.485;
b1114 = 0.6;
b1115 = 0.085;
b1116 = 0.4285714286;
b1117 = 0.2571428571;
b1213 = 0.085;
b1214 = 0.371;
b1215 = 0.314;
b1216 = 0.6;
b1217 = 0.4285714286;
b1314 = 0.314;
b1315 = 0.085;
b1316 = 0.08571428571;
b1317 = 0.2571428571;
b1415 = 0.828;
b1416 = 0.9428571429;
b1417 = 0.2571428571;
b1516 = 0.8857142857;
b1517 = 0.2;
b1617 = 0.1428571429;
