%distance matrix

data = [4.034489267
21.07696357
9.360698216
3.84195307
5.199770399
5.579331209
3.13636123
3.424765153
7.970325762
3.209145928   
34.4172
7.132057316
3.151224723
5.959584172
5.289843234
3.7774305
1.327825486
2.082134594
5.004295149
32.52378357
14.35804484
3.503924633
0.6433430053
6.074505274
3.968971317
0.5077962335
8.748097364
1.779772642
2.3041342
0.8208822707
5.427587778
6.530707421
2.870308441
0.8343246359
0.9419978676];

idata = [4.034489267
21.07696357
9.360698216
3.84195307
5.199770399
5.579331209
3.13636123
3.424765153
7.970325762
3.209145928
7.132057316
3.151224723
5.959584172
5.289843234
3.7774305
1.327825486
2.082134594];

odata = [5.004295149
32.52378357
14.35804484
3.503924633
0.6433430053
6.074505274
3.968971317
0.5077962335
8.748097364
1.779772642
2.3041342
0.8208822707
5.427587778
6.530707421
2.870308441
0.8343246359
0.9419978676];

%%norm(odata-t)